余宣苗,112,3,1.05,0
jd_5d4c2030aaf58,59,4,1.13,2
jd_4e7bd94c2fe46,122,3,1.61,10
13590300646_p,130,2,1.06,17
mzy308528016,101,1,3.0,20
siyuancn,7,9,3.3999999999999995,40
jd_4480c66dce4ed,17,5,2.6799999999999997,42
w_baofeng,58,3,1.25,50
jd_5dcf89e4f6862,2,6,2.7300000000000004,50
jd_53ceb4bad542e,66,4,3.12,56
wdHqZLZluQLYwR,98,4,1.5,57
jd_5f12b049bcf9e,46,5,2.8200000000000003,68
wdsWXAtheEeVsM,22,4,1.37,81
jd_6a95bd7d30ac7,16,2,1.03,82
jd_4aa92234b64e2,18,4,1.83,82
u_53223cd9b5a5b,28,6,1.8200000000000003,90
jd_622cecd16d60f,3,11,3.7900000000000005,95
摸摸你的头123,80,7,2.15,99
jd_5a377ca7f859b,54,1,1.5,102
wdMgEptjVbtgPz,10,11,7.659999999999999,104
13662582010qing,43,5,1.9000000000000001,106
jd_5b0363dd5289e,6,4,1.86,111
wdgElsWounCvyA,8,7,1.44,125
wdIMpYvxGITsHo,2,9,2.73,130
k13602299830,13,5,1.59,137
jd_6239399b71f17,9,5,1.69,140
510149980_m,121,1,7.0,148
jd_5fcc33942c563,17,3,1.1,161
wddQaOuYPtMVpM,42,8,2.35,163
欧阳贝贝0425,7,7,2.4,167
jd_6dfc5551bbe98,7,5,2.6799999999999997,170
jd_66482157721cf,34,2,3.25,177
jd_537821157063b,15,6,4.66,177
jd_7468a3f55e3b8,1,14,5.0,179
18366496-735701,1,20,5.6,193
我是快播,36,4,1.58,194
wdSJPftXrbipsR,18,4,10.25,195
旻1239536,110,3,1.36,197
wdnIQDptSmYUer,28,4,1.45,198
18766253109_p,81,5,1.0499999999999998,203
lulu0701_2006,39,5,1.5799999999999998,206
amwdwji,23,7,2.8400000000000003,208
jd_7117d9e5f8d55,2,6,1.7,208
wdNTIayXXshocXE,2,11,2.8000000000000003,209
jd_4dccc487bef1a,25,2,1.36,210
jd_4c2481a72b220,61,3,1.18,218
lsm_lsm_ls_m,23,3,1.08,224
jd_5c38b5151faf7,69,3,1.1800000000000002,224
ZYH朱艳华,4,4,1.45,227
jd_5d85116893510,71,3,1.08,227
jd_44956329d7bec,107,2,1.5,230
yanxu90,36,4,2.6,234
龚宝华99,23,3,1.51,244
agp16x,4,9,6.969999999999999,251
jd_5f7beaebfdb06,50,2,1.36,254
梦依依然,26,5,1.33,255
wdiSGIhmCQUiYY,32,3,1.15,263
jd_51b0eeab962c6,36,8,3.5999999999999996,274
wdbxhKWTBlZNlT,16,4,2.83,276
XDF14682,34,4,1.1,289
1351258800_m,33,2,1.4000000000000001,292
jd_53ca357b25d55,8,3,1.0499999999999998,293
wdLFHYmUzTQsDi,6,2,1.15,293
jd_57387d6d6d5a3,70,3,1.03,295
jd_70d160431ea95,37,5,2.0100000000000002,305
jd_50959ccb06c48,26,6,2.5300000000000002,306
76307708,8,3,2.4,306
jd_7873faeacac42,58,2,6.0,310
封峰595,12,6,2.2800000000000002,314
5fgh5fgj56fgj,25,2,1.36,318
瀚瀚瀚888,17,2,1.1800000000000002,323
wdzLuYAJLogrZt,119,4,1.65,325
jd_73e0bd017edc8,44,6,4.5,326
yilvqiao,54,3,1.1,330
jd_5d854aefe452f,9,7,1.7000000000000002,331
jd_7ad1a7f64667b,84,6,1.5500000000000003,333
wdQCxRfQpCoWVW,32,11,5.83,335
wdnNtMqxoYtVdR,5,9,3.2600000000000002,336
wdNWxTrygZeylVg,120,4,2.12,337
pxxn54,7,4,2.48,340
jd_453081f5f9db7,1,5,1.55,348
13955817266_p,8,5,3.75,353
jd_6a2b05fa4d985,126,2,1.33,354
18765803807_p,59,3,1.05,354
441636526_m,20,9,2.48,355
jd_6f6d89b49806b,10,3,1.1300000000000001,355
jd_4b31fb5ea9fa5,75,3,1.05,367
jd_799ea911b0248,54,2,1.36,372
wdNUeaZrwqHgCBq,65,4,1.55,374
dbli_123,10,7,2.71,374
jd_703bd7b568920,19,2,1.1,383
wdLqPiLTtebCOP,15,5,1.15,389
jd_6fed9e9fa9400,37,2,1.08,392
18806989991_p,123,3,3.3000000000000003,396
602164993_m,77,1,3.0,399
jd_4bc1b075df0b2,7,3,1.7000000000000002,402
jd_7864e07741e46,38,3,1.33,405
13570095997_p,18,3,1.1199999999999999,406
wdGvsvPqledScJ,50,1,3.3,407
jd_4dd273ddd1a3e,12,17,4.799999999999999,414
wdNaPXeMDWCzqkq,24,14,8.86,414
jd_7b833f900a976,27,1,4.5,418
65369833-17038469,25,5,1.8299999999999998,418
zdh132614,9,12,6.56,419
18144712562_p,13,6,1.4,419
jd_409eb5701059b,57,2,1.4,420
wdNossgxWjhpCPj,28,7,1.9500000000000002,422
jd_6db163f7948b9,19,2,5.4,426
13926095168_p,38,6,1.4200000000000002,428
皇帝1988,132,1,1.4,434
wdKCNSQuSSgXLz,137,4,2.1100000000000003,435
jd_48d9c895215c7,1,3,1.23,444
NicolasThiry,11,5,1.8299999999999998,446
jd_69b98d601fdad,14,5,1.4,450
s126008,101,4,3.16,451
jd_5ed8641d2a88b,7,3,1.5499999999999998,453
jd_6a8d8e970145a,9,6,1.7499999999999998,460
jd_638b166763190,3,1,2.8,461
qzp0616-163-com,42,4,4.8,465
jd_7ca6b98506042,64,1,3.0,468
sushu0504,2,12,4.64,477
花前月下love,40,5,1.25,480
476755540_m,8,9,3.0,480
jd_4f6938cd16b97,18,2,1.35,485
jd_7068e85aaa39f,44,5,1.58,492
狠狠地笑10,23,4,1.66,501
yequ963,19,4,1.25,508
philipzhang,36,6,3.3800000000000003,521
jd_6b1f747bdabcf,42,12,7.8999999999999995,532
87252047-535649,6,8,2.25,533
贾博000111,43,3,2.48,542
jd_42aeaaa2bb456,13,2,2.4,542
jd_731ac78934800,23,4,2.06,543
jd_75f3359270e24,68,2,3.0,546
18602632560_p,38,3,1.12,549
wdsXFiyIONYQuA,19,11,2.5300000000000002,550
jd_7a84bf787f65b,28,4,2.17,551
jd_743f3d3d3e2b8,11,3,1.28,556
jd_4c35a06a6b905,6,10,3.3300000000000005,569
nijianlei,2,3,1.86,573
67863747-486834,5,7,3.4999999999999996,578
wdtIEZLyHpODOC,7,3,1.2,584
jd_7bbb3c9cad5d8,40,3,1.27,586
做个安静的小女子123,1,3,7.6499999999999995,588
jd_528b4b3d3131c,21,4,1.05,588
jd_514e7e625d72f,48,5,1.2999999999999998,589
jd_77519b6939889,59,2,1.21,594
jd_52e6389059e74,60,3,1.1,595
春天的故事-58,64,3,1.1800000000000002,598
wdPSSPDToZRgCS,49,4,1.4100000000000001,599
wdeLBUzVSAjBAI,51,8,1.85,601
wang_chun6688,1,8,2.1300000000000003,607
wdnfvqRzWsDGgc,5,4,1.2,608
zhangyf0502,12,18,6.759999999999999,611
1031609552_m,143,2,1.1,614
黑神丶魅夜,98,3,1.33,617
garytong0312,134,1,1.7,619
18600583451_p,13,5,2.5100000000000002,619
jd_59d64d6471f53,23,4,1.03,620
leejunhua,75,5,2.03,623
wdUoRmoakZaLdY,14,4,1.73,627
jd_58c13b9552cd6,7,11,3.36,637
13729924399_p,28,6,3.18,648
ydlh86,113,1,1.26,653
18236283616_p,6,3,1.33,655
kimchieun,35,8,4.4,656
wdNFHgEZTwiiboU,68,6,1.4100000000000001,656
jd_67a6ecebc8be7,75,2,1.8,660
jd_703fa55af772b,122,6,1.9,672
wdaMUbRQOkdweT,118,1,5.0,673
jd_442007ca123ec,10,8,2.6,687
214627482_m,7,4,2.2800000000000002,687
jd_4ead5731f4194,61,2,1.36,687
jd_5d5f58230ea98,2,4,1.9,688
wdlyQIbkmXJOmJ,21,2,1.7000000000000002,688
jd_41931e98cd57d,21,2,1.75,695
jd_4e9a6fa991ab4,64,4,1.5299999999999998,696
jd_5b1c213c807aa,36,4,1.4000000000000001,698
wwwm5m5,70,6,1.73,704
wdwZTTAvdAeWhZ,23,2,1.6,711
jd_6e518e33cfa57,7,5,1.5699999999999998,712
jd_4df13b135b9d7,14,2,3.3,713
门吉夫,10,2,1.8,718
jd_7969e93e1ec42,65,2,1.0499999999999998,720
jd_62abe485eb82a,139,2,1.06,727
wdNqtNXAVPtnfx,147,3,1.08,728
ws10513298_m,27,3,1.36,731
jd_4c54eba9822dc,24,3,1.7000000000000002,736
wdKWLeqJLCGZHJ,46,4,4.75,739
jd_685259d1fe714,13,4,3.5500000000000003,740
jd_6d4cbfa9bf080,4,6,1.55,744
jd_6ae1e8a4f7949,2,11,3.33,746
mayong123319,36,8,2.63,747
jd_7df2e61cf7cfa,120,2,3.8,749
414384743-158854,6,5,2.21,757
llp1443_m,12,6,2.2800000000000002,765
jd_472ba276ea58e,11,5,1.25,772
jd_41f8894a9e40b,121,3,7.1,774
中国虎龙,17,6,2.33,774
wdNszjmoPHtfjX,17,4,1.28,776
13513233136_p,46,3,1.2000000000000002,776
jd_598b54b0cd47a,16,5,1.8000000000000003,776
Jenifer_2012,61,5,1.2400000000000002,778
jd_5b64b2141a2b2,17,33,12.859999999999998,778
wdNzXDMtQItFwtQ,3,6,2.6399999999999997,783
jd_7e56a61ab9a4c,51,9,2.4299999999999997,784
com余永康,7,5,2.14,788
wdAUcbnmhssaSu,68,1,2.0,788
wuxiliuliu,12,1,1.5,789
jd_776dae119ba26,129,1,2.04,792
wdBdFjUsOVPXDe,11,7,1.45,797
jd_6e46b5a64ed26,9,8,1.75,804
jd_671742849d32a,12,5,2.23,804
jd_76b6a61bada8b,94,1,4.0,807
堕ZICI落,20,3,1.77,817
70lgl_m,1,11,4.85,817
jd_509a435a99b37,34,4,1.38,822
jd_4ac92fa481f5b,78,4,1.3499999999999999,825
jd_6d5862aa7bb02,2,15,4.72,835
jd_69d0b08922ee6,51,4,1.12,841
jd_70e7aa7831aa0,41,3,2.5100000000000002,842
江小勇jxy,109,3,2.1500000000000004,842
jd_71348aaa75cdc,80,3,1.35,847
lxjjr,23,5,1.7000000000000002,847
jd_51d1689f7303d,51,7,2.1400000000000006,848
liangjianhu,75,1,1.5,850
jd_584feb36a6b7a,97,2,6.0,853
wdNVPQieHmjrEYD,57,1,2.2,855
BOSS鸭,17,7,2.24,862
wdDvDWskaKUvRD,47,2,2.0300000000000002,862
jd_69a88924d9f8b,23,9,4.4399999999999995,862
wdeSFfbGcBeXJt,7,3,1.25,869
wdTPlbDZGMrSrS,13,8,2.2800000000000002,875
wangyibin08,23,9,4.09,875
jd_70c3cb39a4501,46,1,1.5,876
jd_69a0770b1cfe9,24,6,4.3,876
18676189579_p,18,3,2.75,878
jd_660940780165d,28,5,1.65,887
jd_49892462218a1,56,5,1.83,889
13460060808,30,15,6.61,901
wdVaTYOvXJuUTr,12,2,1.1,902
jd_5d5774df1bec2,59,3,2.21,905
jd_4b69b0f5719d0,14,5,1.6800000000000002,907
lafasoleilei,40,4,1.0499999999999998,908
gj7879,5,3,1.17,908
wdNtDZOgxwZHxUg,12,5,1.9800000000000002,910
jd_6f26789179e8b,9,2,1.06,911
夏花锦簇,121,5,1.45,916
jd_47609698f8b61,28,4,1.0999999999999999,934
wdNGfygJSVOKhHf,130,2,1.1,941
翁和洪轮翔xU1775,36,9,4.01,946
小甜甜380,47,6,2.05,952
jd_4efcdfa8ff537,40,3,1.1,959
13701363366,4,15,4.919999999999999,962
jd_5ad0a74a7ac92,52,3,2.1300000000000003,974
jd_6925b89140db7,97,1,1.5,976
jd_642ee0d3ca7bf,5,6,3.98,987
jd_7cb29bc209b3f,43,5,1.25,988
jd_4cfebaabeea5b,13,3,2.6,990
jd_70a12d5993313,25,6,2.6100000000000003,990
jd_69a0069373d19,9,4,1.5,992
wujiequan403,25,5,1.7999999999999998,1002
jd_6c7c437e7c01d,30,5,1.4500000000000002,1003
wdvOhhNGPqKDIv,77,2,1.75,1008
coldnightprayer,6,4,1.0999999999999999,1026
左路上看风景,94,2,1.03,1027
jd_72c788a5dc6ff,141,3,1.6500000000000001,1030
jd_66a586f165c1f,44,1,1.26,1034
jd_448657d1c2c1b,40,9,3.23,1036
wdwKRTdpbdSDex,14,4,1.35,1037
wdIDEgWTMjmSjn,78,5,2.1100000000000003,1037
jd_48839ff9d39e0,32,2,1.03,1038
15880276760_p,49,3,1.15,1039
jd_6008aadb9a34f,6,8,2.58,1039
jd_7e94eebe8db44,50,3,2.4,1044
jd_64ca7644b2d18,1,1,7.0,1052
jd_695e8dc3d0099,2,119,47.84999999999998,1054
jd_7ef340b07011d,45,4,1.78,1057
wdkMolUcRgSmAy,10,2,1.9000000000000001,1057
陈氏族人振,76,1,1.5,1061
jd_4b6314f115a14,29,6,4.41,1063
jd_7cce8212001fd,37,11,6.559999999999999,1074
jd_67b87413367f0,43,3,1.36,1081
1597465879_m,25,3,1.1800000000000002,1083
jd_600757a41f1de,49,2,1.28,1083
jd_7816975aa2177,13,2,1.2,1093
jd_6b589a8a5aa33,5,10,5.78,1094
jd_430354fc6646b,16,4,1.9300000000000002,1094
jd_6eced72c26e07,17,5,5.699999999999999,1096
s1841069567907522,39,3,1.1800000000000002,1102
jd_61cd5a8356900,4,6,4.24,1102
jd_5b26cb71d72ec,1,12,2.4500000000000006,1112
jd_680fd165d55f8,5,19,6.89,1113
jd_5f068581f6ea1,70,2,1.1,1113
方海霞00,123,1,1.8,1117
wdHkyYLWCzRWru,26,8,2.7200000000000006,1120
wdWBWhSAucRJZg,118,5,1.5499999999999998,1122
1454680924_m,113,2,1.0499999999999998,1132
jd_44faa370c7fa5,58,7,2.15,1133
jd_5adb49dcd55bd,35,3,1.6600000000000001,1134
jd_509aa70f7808c,75,1,1.5,1134
974767607ziyan,1,2,7.3,1134
jd_6502887bcf8ac,55,6,1.58,1140
qianmanny,25,9,3.8100000000000005,1146
houdong7812,27,8,1.75,1154
jd_5b6384d48af17,2,6,3.2100000000000004,1160
jd_5bef4e9f87a9d,6,21,4.500000000000001,1161
L1991668902,29,10,4.15,1161
jd_717e22e400e89,14,3,1.0499999999999998,1162
jd_7b6686714957f,134,1,1.1,1174
协羽shie-yu,1,9,3.7199999999999998,1180
13551189556_p,11,13,3.2800000000000002,1197
wdsvMYjwuSgZXM,49,9,9.26,1203
jd_6dd9578e47ea0,7,3,1.6300000000000001,1206
jd_5dab8c4b7c1c2,33,1,3.0,1208
jd_50125e9b4c0ca,24,4,2.0,1216
wdvToFtBaqhcfE,117,3,1.26,1222
shtyming,8,33,15.909999999999998,1223
jd_4cb2819f0f845,41,5,1.88,1224
wlfw180,30,3,1.97,1232
jd_524d017acda64,2,4,2.03,1234
jd_5a0dd682b5a97,2,3,1.23,1242
wdimxQRUZtZRRt,40,7,1.6700000000000002,1249
15902179808_p,17,3,1.4100000000000001,1263
jd_7a302edff6a66,29,8,2.4299999999999997,1263
jd_49526a01ff01e,46,4,1.6600000000000001,1275
赵忠永,37,1,1.5,1279
jd_62d496fc0f48f,50,4,1.7999999999999998,1280
jd_684e5b8a481cf,57,3,1.7,1281
我的甜美,5,7,5.57,1282
wdnlgQSXySCQoe,5,3,1.98,1300
wdYIAewFEIGzvm,118,2,6.5,1301
219053897-585877,6,2,1.08,1308
jd_5455d3cf6432a,2,3,8.9,1311
jd_5221f7f140878,2,20,7.42,1317
jd_6539527a99d86,26,10,3.2800000000000002,1321
l18933246210,33,3,1.75,1323
bofenliu1974,38,6,1.8,1325
jd_4dd4949e89628,17,3,3.7800000000000002,1327
jd_7963f6aeeef87,51,1,1.5,1327
jd_70d96ef1a8210,7,2,1.1800000000000002,1336
wxm_0127,6,4,1.17,1336
wdAMNIhfFikXNP,65,3,1.2999999999999998,1345
jd_7a501e938500c,26,9,2.1500000000000004,1349
18702919236_p,19,8,2.3000000000000003,1351
wdSTdJOoXxdiGx,55,5,1.4500000000000002,1359
497644996,15,4,3.3600000000000003,1365
wdUXiBfQxqGDTz,94,6,1.55,1365
exine1988,12,5,1.3,1367
jd_7316ec55dabee,15,5,1.7499999999999998,1373
jd_521173ab6d5cb,2,20,8.37,1374
jd_4a97a2836995b,93,8,2.45,1382
wdFxKbMgjgsEMV,15,9,3.58,1383
jd_6df7eaed38b4a,11,8,3.66,1388
wdvAuGQFtRdlkz,45,2,1.64,1391
jd_78d678202d7b3,64,3,1.13,1396
wdqKlXtJrAEOXq,23,4,1.58,1396
jd_66ded87ce9084,39,6,1.53,1399
jd_4a28b71a07c3d,127,2,1.56,1401
jd_455dd41e22956,2,37,16.34,1402
jd_5ec6a114b4a42,26,4,1.7,1411
wdCJANPhrHytOF,57,4,9.979999999999999,1413
jd_70fb69265b53f,12,4,1.4,1414
jieaiwancheng,71,2,1.36,1418
jd_4fb1bf9bcfa5a,2,6,1.5999999999999999,1427
jd_4ae8d7d2ffdc3,91,7,3.5599999999999996,1428
紫川骁骑校,15,4,1.2,1429
jd_633fb414dc176,74,1,1.7,1434
谁的故事谁的歌,29,3,1.1800000000000002,1440
brucecai1972,3,6,2.93,1444
sam100388,2,4,1.0999999999999999,1447
vipyw,2,2,1.1,1447
jd_693084c5eb01e,115,2,1.05,1449
jd_6f6aa732c139e,123,2,1.5,1452
jd_61d081851a25a,23,2,1.08,1465
13714693825_p,17,8,5.959999999999999,1470
huangmeiyan882,45,5,1.9600000000000002,1474
jd_73e9125290b69,64,4,2.1999999999999997,1475
wdazPkYHLqMyhj,4,6,1.58,1479
tpjerry,7,6,1.61,1481
jd_6a6224b88d533,135,3,2.1,1483
jd_58a53c011dfa6,25,7,2.56,1497
jd_70848aba47bf8,3,6,2.5300000000000002,1500
17839418-27983163,11,6,2.79,1505
wdLcmVyAYrdTHz,13,4,1.75,1506
popflew,18,3,1.9300000000000002,1511
13611382468_p,10,10,2.5500000000000007,1520
jd_4b820b45eaeb5,3,19,7.879999999999997,1522
jd_5456c5ed984af,6,13,5.88,1523
朱李806087,15,7,2.5999999999999996,1533
wdFCdOSlVBbUal,69,2,1.7,1547
wdVlyZmfbqcCsA,4,5,4.25,1553
lijuan2008cn,5,6,1.8499999999999999,1563
jd_5481c99eddb06,129,3,6.5,1564
jd_6c00d62f14125,28,1,1.5,1577
jd_5af1fa94590d1,52,3,1.6600000000000001,1578
wdTNoEYFFUelZm,4,11,3.73,1600
s345465173,1,3,1.38,1606
jd_40d522eb99c7d,2,7,2.22,1607
jd_6510904d370a0,27,20,10.189999999999998,1608
18628373027_p,11,6,2.7600000000000007,1611
jd_49a0df07b66bc,43,1,3.0,1612
泽炅烁桓,71,3,1.2,1617
吴裕楷,23,7,5.799999999999999,1617
zinoro1e,44,6,2.3,1618
jd_7f86a1b403eb2,48,4,3.3,1625
jd_557573cb2263d,86,5,1.0999999999999999,1630
jd_676c5d0ea2193,92,3,6.6,1635
15871928494,19,3,1.46,1653
下棋者,89,1,1.51,1658
jd_4f88eef26532e,25,10,3.08,1661
jd_5fe7abcfe83a5,4,5,1.6,1663
348196216-75235828,20,3,1.28,1663
jd_7b8d7b37ab168,2,5,1.9600000000000002,1668
wdsQTsQzZFAMRI,41,2,1.2999999999999998,1671
jd_5ca973cc64c87,11,2,1.8,1673
wdnLWjfIGokRBs,5,4,1.43,1677
wdJHKynkoggxaU,32,9,2.7,1684
jd_6afffaa8d8174,14,8,8.94,1688
jd_44bdf655285d0,55,3,1.35,1690
jd_556ef2241036e,29,3,1.6,1691
wdnIKKhvgXOKgQ,15,4,1.83,1695
jd_5ae24a271b9be,30,8,3.59,1696
得意哥,1,6,1.6,1697
shanghaiseayoung,2,7,2.25,1701
5224199-965386,29,5,1.4000000000000001,1709
jd_536121b992f37,23,3,1.1800000000000002,1709
cindylee985,26,6,7.15,1713
jd_40dc336b62c26,65,1,3.0,1713
515719739_m,7,4,1.2,1721
武夷山8855,22,5,1.6,1721
beibeipiao1978,128,2,1.46,1723
jd_7dfe1ddebdeb0,1,45,17.28,1725
243671731qq,2,4,1.58,1725
wdNZeyBQbJObVSp,29,7,2.75,1726
jd_47c509a9c4029,25,1,1.5,1734
jd_48b23b65302e2,8,6,2.1,1738
wdFAkirEymbpYO,6,11,3.4200000000000004,1744
18819884404_p,1,21,7.459999999999999,1751
wdxwwTKRIeTbGh,79,6,2.6100000000000003,1751
gzmichell,55,2,1.21,1754
15992712519_p,66,3,1.2,1754
wdNVxYgDVGrFuEB,11,17,18.64,1759
513997332_m,13,6,2.8499999999999996,1760
wdQVwMbxYxFkjl,86,3,1.28,1776
jd_44cb0b7f4777b,71,2,1.08,1783
夏夜的美,3,15,5.0,1791
jd_6c3f4cbbeed2c,60,1,3.0,1792
wdyhppOpBAKAaW,134,2,1.85,1799
jd_59aa9810bb296,39,2,1.33,1802
wdibsQOhQjpmty,82,5,1.63,1806
jd_6da528a5ec97a,7,2,1.75,1807
jd_57ee62c03d022,32,10,3.780000000000001,1811
jd_79629cef2648a,67,4,1.25,1815
jd_61801bd8a6259,32,4,2.63,1818
yangfeibaby520,109,2,1.21,1824
jd_43d2ee8334ccb,12,3,3.83,1830
wdVJxqYbZNAbRH,38,4,1.58,1843
bailingliren_jd,12,11,3.7100000000000004,1844
820601175_580929025,9,9,2.75,1845
13888304581_p,19,6,2.0100000000000002,1845
jd_78537a67ea8fe,11,4,4.249999999999999,1851
wdkctsXsqAglft,9,4,1.4500000000000002,1857
*yhd_FBxDvuw,87,3,4.5,1861
jd_42c71b19d71b6,47,1,2.04,1864
jd_6b093266f19b1,50,1,1.05,1869
13141342221_p,95,4,2.1500000000000004,1869
jd_56924945b70e5,41,6,1.2000000000000002,1875
gaohaiyun123,5,3,2.1,1885
夏德林,29,4,1.07,1888
jd_42cefa733f056,2,7,9.3,1888
jd_7275e3f393ac7,14,3,4.75,1891
jd_774e45f6c251d,126,2,1.21,1893
jd_59687fc0dbd8b,79,4,2.46,1898
jd_6407c41a6aaa4,23,2,1.21,1898
wdstAcNWdJCsfc,86,3,1.4000000000000001,1900
chenwenxiao8889,22,9,2.5500000000000003,1901
wdunXeWamMNDLJ,12,5,1.23,1901
振欣521,29,4,3.17,1903
wdZfyLNoZHgyIJ,15,5,2.3800000000000003,1904
sl_brand,96,2,1.8,1907
wangyanqiu0812,42,3,3.85,1909
zhangjianhua610114,12,21,8.48,1913
jd_779c534e585e2,16,5,1.15,1914
jd_72c0e7cc3bda0,11,3,1.3,1921
jd_605f505c294d1,56,2,1.05,1923
wdJJVZqkjfaLVM,16,11,29.009999999999998,1928
木北she,11,2,1.4500000000000002,1931
冷懿傲色东东,1,4,1.53,1934
离天堂7步远,37,7,13.299999999999997,1943
jd_6fc15148f118e,4,14,5.44,1944
ai7609,1,9,5.8100000000000005,1945
Q45997131,7,4,1.27,1947
lennonwangjia,14,7,2.75,1948
luomulingfeng,46,5,7.139999999999999,1961
jd_7009baeacda57,10,4,1.25,1962
jd_7d1aa2807e309,40,5,1.6,1964
jd_7b2cd39ff248d,2,9,2.83,1967
jd_66965c67a7c9c,54,2,1.85,1967
wdhYKhInFJBYRF,10,2,3.1,1975
wdNuxtFoIgQcLfM,80,5,1.25,1981
120964649-195838,3,8,3.4999999999999996,1994
jd_5cffe757a3dfc,21,6,2.6700000000000004,1995
jd_6c59ee0cc8501,57,5,2.23,1999
jd_4c9431ad0a762,96,3,1.13,2001
wnnatong,38,5,2.7699999999999996,2008
jd_70c768e686c4b,61,6,2.74,2008
jd_5131db741a157,65,3,1.7600000000000002,2011
wdLlRCPVnuMqvy,12,5,1.3800000000000001,2012
CYK05121517,4,8,9.81,2013
jd_419e97159201e,3,8,2.29,2015
jd_4ade3730ceca0,55,2,1.06,2017
wdNApXFwOXFMgbp,26,3,1.7999999999999998,2027
jd_524c102645c32,145,3,1.0499999999999998,2032
wdWhAoJCTmyvqO,44,2,1.21,2035
jd_687b1e469fa40,14,4,1.78,2035
longying2sdai,44,6,4.39,2042
jd_7410cdd0e8473,1,6,1.3800000000000001,2043
jd_5264ea5a84a93,15,5,2.48,2048
jd_6755f04ff29e5,25,3,1.2000000000000002,2052
80954305-479367,3,14,4.73,2052
wdUhvTBralmsqb,4,5,1.9,2061
jd_738306c5ec4ae,1,4,1.35,2067
jd_60ae923fcab2b,9,4,1.2999999999999998,2080
jd_5f553c7bfbb65,135,2,5.5,2088
wdhZCDcVyPNhrp,86,1,1.1,2088
jd_7e015ea21af1d,5,4,1.9100000000000001,2091
wdNiayqalWZIlRO,45,2,1.8,2092
wdZSFubOnXxOpD,54,4,1.28,2094
jd_7e09c8ec46910,132,3,1.35,2105
jd_488a134279dda,8,1,1.5,2108
18666025038_p,45,3,1.36,2113
wdvHBeBDaGnKAM,77,4,1.53,2126
13622364602_p,120,1,1.3,2126
wdUIJeFLrFGjIJ,24,3,1.33,2135
jd_79f8c10e21260,31,2,1.33,2143
梁峰0043,25,8,5.470000000000001,2165
jd_573784fe3d6b4,54,2,1.38,2166
wdnzZEWBaiseMr,60,17,6.65,2169
wdvmJogmPCjcyU,55,3,1.05,2178
jd_5a4b428b48787,41,3,3.3,2178
wduOnhYytPfGZd,73,8,2.8799999999999994,2182
wdKzTyubRzFDTf,4,6,2.77,2185
jd_4cd537677a0b9,10,6,3.0900000000000003,2192
jd_526026dd80568,26,4,1.2999999999999998,2192
jd_67f5a30588c27,18,4,1.9800000000000002,2195
jd_579f025b40911,22,4,2.45,2196
ludanlisa,40,3,1.28,2198
wdnyWpoxLcAaMe,3,5,1.48,2198
jd_7f896fdb3c29f,77,3,1.55,2205
jd_7328a81362a13,5,6,3.2,2222
jd_49d9774045f04,1,15,8.12,2231
zhuyijie5201,46,3,1.38,2238
jd_565f95ccbf100,49,2,1.36,2238
wdCsxdZnlMVUrO,5,4,2.3,2249
jd_72d13dc90f855,23,7,2.71,2253
jd_61145d8ac6b31,13,4,1.0999999999999999,2254
jd_6f250432abc7d,41,5,2.23,2255
qinli1996,4,11,3.0,2257
踩着轮子的熊,15,6,3.3000000000000003,2260
15012210205_p,87,1,1.5,2266
fengjingmei123,2,6,1.87,2270
z632280737,73,2,1.36,2275
13430440723_p,18,6,2.83,2276
jd_5a12f67314561,80,2,1.1,2277
wdLJVFoOBkOGWu,26,3,1.05,2278
jd_414bffe107fcc,11,1,3.0,2281
yu_hongbo77,35,2,1.03,2281
jd_6aaa57f404bb7,2,6,2.3800000000000003,2290
jd_4d9bc85b8d861,3,11,3.1,2292
wdwSgcwlFNfIJk,142,2,1.4,2298
lisa704,44,5,1.5499999999999998,2302
13379072309_p,24,4,1.96,2308
爱上沈心晴,64,2,5.0,2311
wdLYDuQVqfHXlV,2,6,2.8300000000000005,2314
hkoriginal,70,2,1.06,2315
jd_49dab99a43656,1,12,4.2299999999999995,2326
jd_4f869a013c2f2,33,3,1.8,2328
jd_6a269b83eab6d,24,2,1.05,2328
wdcLIiZiqElIEM,27,5,1.35,2330
wdyAqqbqFjJgbe,6,4,1.08,2331
jd_723e15c4ed967,12,2,1.7,2335
wdNQckNxBbiTKXg,5,33,14.379999999999999,2342
jd_52e8408302639,4,4,1.25,2346
jd_4eea33e131d82,14,3,5.2,2353
jd_7820151922936,39,1,1.5,2361
wdxKkxReeKUSLu,13,3,1.1500000000000001,2364
jd_41d51e956303f,3,2,1.03,2364
jd_62a67c7fcc3ef,16,3,1.9000000000000001,2384
gbzsp,72,1,1.1,2387
wdNtMNnprWxSEsH,12,16,4.420000000000001,2400
jd_55fc0351051c7,6,3,2.1300000000000003,2407
jd_50e0c77f2b929,15,3,1.2999999999999998,2414
wdgEHZJKokFQuo,62,6,2.6300000000000003,2418
jd_7ac2ea277e0fb,6,10,2.5999999999999996,2422
494799532_m,5,5,2.3800000000000003,2426
jd_48bf81574f4ec,10,4,1.1,2438
jd_7439d8bb361cb,52,1,1.5,2440
jd_5ef0b2cc2e942,8,14,7.159999999999999,2460
wdbetfgXJZIBvq,89,2,1.08,2460
jd_6e62ba8a657a6,81,2,1.3,2461
jd_7ba4d6d6a7072,67,3,1.1800000000000002,2474
jd_7c05ac0488b10,117,1,1.5,2477
tian-338,59,2,1.08,2480
jd_709b0ea65b26f,7,11,3.6600000000000006,2492
jd_5d414981b0ddb,29,2,1.78,2495
wdNxEilTmPhZAmD,41,3,1.7000000000000002,2500
jd_4c1211bea8ab2,36,5,2.59,2502
lihongbo2002wj,26,12,1.67,2503
fengzheng1968,149,1,1.26,2514
cgui8888608,58,1,1.5,2533
jd_511dfe29140ef,84,4,1.25,2539
wdgoFRxuPNBUFg,38,4,1.32,2551
jd_4cedcc06eb7d7,18,9,3.2299999999999995,2553
wdlNXefTHHdcHA,18,5,1.86,2555
15820549409_p,134,3,1.4100000000000001,2559
jd_7d1262fcc8a36,17,10,4.489999999999999,2559
btcxzmy_m,14,3,1.28,2561
田鸡春卷,15,5,1.3,2566
jd_5cf50d166723f,33,13,5.879999999999999,2572
河北定兴老赵,8,6,2.83,2572
wdNcsEPebQWvGhq,125,5,2.2100000000000004,2573
pan287015130,108,4,1.0999999999999999,2577
jd_41e4ae59fd3ec,12,10,2.2,2580
langba,4,6,3.65,2581
jinmingcaiwu,4,4,1.25,2585
jd_5c47d130e38fd,18,3,1.5,2585
jd_667e410277ca2,18,9,3.2700000000000005,2590
jd_7dfa8ecd5ea06,47,4,1.4,2600
wdeTZvicxMOeCd,32,1,1.1,2611
wdmTMvtxhSKnUp,28,3,1.4000000000000001,2613
jd_6f9efb0578006,80,5,1.2399999999999998,2617
jd_7c2bf481bab96,1,3,2.5,2620
荣记123,9,7,1.7400000000000002,2622
13358144488_p,47,4,1.05,2625
jd_6b1e78e3b20d9,72,5,1.4500000000000002,2628
wdNxuqGemtYEesx,79,1,2.0,2636
314751406_m,28,5,1.1500000000000001,2636
jd_7832f15179534,96,2,1.35,2659
wdjyNCsSILnDRP,4,8,1.7999999999999998,2663
jd_5d45f9390cb77,22,6,1.7000000000000002,2664
13911085579_p,114,3,2.58,2665
xiao8350523,13,7,2.1799999999999997,2666
jd_610741b66e471,14,1,1.5,2667
15181846563_p,65,6,21.95,2668
jd_67960f45314be,72,1,1.5,2668
qinguangyang-0922,3,4,3.9,2668
jd_5d4656293b97b,56,3,1.46,2671
319威县贺常晓,12,1,1.5,2675
jd_4b0ceaf37779f,14,1,1.5,2680
jd_7c5a6182d0f33,7,3,2.3,2681
1351533-66785182,19,7,3.31,2682
顺井木丰,45,8,1.27,2686
511丹阳市何伟兴,7,7,2.68,2689
jd_598022328ecd0,13,10,10.28,2689
wdNPaXBaqcmaDKN,2,6,2.48,2689
jd_5cdd5d00c1aea,88,22,5.1899999999999995,2710
网络维护2012,2,4,1.63,2711
jd_554df8ef02db3,24,7,3.05,2712
wdRGuvpYwRMCMu,144,1,3.3,2717
jd_5088dd4548690,45,3,1.0499999999999998,2718
jd_40cf26c764fee,111,6,1.8499999999999999,2721
jd_4762a6937c910,15,8,3.1999999999999997,2721
wdNcGlIhJdGXpJb,80,4,1.65,2721
wdNJrsmHfjCLkkN,82,21,12.049999999999999,2725
jd_5e83c467283e7,22,12,5.29,2728
135210259-302070,3,11,4.949999999999999,2730
wdzZFQZJeJkPsi,38,2,1.06,2737
jd_74af4eda0c94d,68,3,1.28,2744
障障障障,15,5,1.4,2752
LanCK_aMOS,15,6,1.4200000000000002,2756
jd_4d31d8785f3f2,15,5,5.930000000000001,2777
jd_4ffc43a8bcc9b,41,4,3.5,2777
jd_42016b3d70ea7,59,2,1.33,2781
jd_71118adb86227,4,2,2.0,2785
lllplx,106,4,2.24,2785
18965840554_p,31,5,1.77,2799
jd_64c5f79da36a5,1,8,2.1,2804
wdyVYnONyNwFCf,28,1,2.0,2816
jd_410c46f088120,125,1,1.1,2816
jd_50d8ee2679e31,13,6,2.63,2826
jd_5a6fa433caaa7,20,15,5.23,2834
ganjia711,29,5,1.6500000000000001,2837
jd_5f7945aed5c85,25,5,1.5500000000000003,2839
wdoPfgoOqDccuM,92,6,2.25,2839
wdrmCTWBkRgsfm,24,5,1.78,2839
maple0313,54,5,2.5000000000000004,2841
jd_7d9dbe9179524,6,5,2.95,2854
jd_4dd73fec6abdf,64,3,1.1,2857
jd_616837e993688,15,2,1.36,2862
jd_7554267132816,22,4,1.05,2869
daodao1108,29,7,5.609999999999999,2882
凉飕飕2010,26,3,1.0699999999999998,2884
jd_6b32c8551b0f5,81,3,1.33,2894
maxfiver,6,17,9.969999999999999,2897
jd_7f0ab781df789,9,13,5.159999999999999,2897
wdelxIJBcLdekK,37,2,1.18,2906
jd_7246813aaefa6,27,5,1.3000000000000003,2909
wdhKmLYvKyEdNV,15,3,1.5000000000000002,2911
jd_60363ee58723e,77,3,1.1800000000000002,2927
wdkRdzXrjJbeWX,43,10,14.379999999999999,2928
wdCMkPEJloUMmP,28,9,7.22,2933
18356065425_p,111,3,1.25,2935
jd_76a3205ca7f5c,85,3,1.13,2938
jd_74a2697a87dd4,37,14,6.779999999999998,2943
A潘明明,20,5,6.49,2946
苗苗197546,51,10,8.44,2950
wdDNExyioHbhBv,4,4,2.18,2954
jd_5260510ec1284,121,2,1.13,2959
jd_4ed809a07aed0,58,7,4.48,2975
15263165342_p,7,4,2.56,2976
wdNZzIoDeYHYueQ,55,4,2.29,2984
cby15982804742,117,2,1.23,2985
jd_5f680da691fd8,40,5,1.9000000000000001,2986
jd_543b045e9ee76,1,6,1.2,2991
wdSSzIuzCuWiFg,7,12,6.460000000000001,2991
wdsfgTIilQxmhI,13,3,1.68,2993
18577874297_p,20,23,10.780000000000001,2993
wdHBKaRxtajKwc,47,3,1.5499999999999998,2999
llx421125,140,1,5.0,3004
jd_7500397942cdd,73,1,1.05,3009
673147321_m,35,10,2.8599999999999994,3012
wangjing_4_m,7,3,2.21,3016
wdzZWpcUBjoGaB,94,5,1.6,3016
peter_liangj,1,5,1.65,3024
wdIlenhiHwtFvg,46,11,11.19,3025
jd_5491709ebe8f3,61,4,1.63,3028
jd_6948a9588293e,46,7,1.7599999999999998,3028
jd_4db75dd851dd7,67,3,1.25,3039
jd_50a10649203a2,92,3,1.28,3043
wdNEaiEjdfphDuq,144,1,1.05,3047
jd_695406ba70dd9,5,3,3.0999999999999996,3048
阿楠殇,3,3,3.5999999999999996,3059
bingyue0000000,15,11,5.18,3061
王秀云892,78,16,6.03,3061
lihaopeng2003,41,11,3.8800000000000003,3065
jd_6f919fe584ff7,7,7,2.6100000000000003,3071
硕果快印,11,5,1.2,3078
wdPByfuIykfMqU,90,3,1.53,3079
jd_59cfa48183812,30,1,1.5,3082
wdPrvGHsZPzeky,125,2,1.85,3086
jd_5253191534c68,124,1,1.1,3089
2421230930_m,9,5,2.88,3089
jd_6b3310c9206db,25,4,6.88,3091
马亮林,14,9,3.2800000000000002,3092
wdnPaJFlMacWmv,16,14,5.9399999999999995,3097
jd_43fe7655db855,3,4,2.43,3103
liuzhangcai,8,5,2.45,3103
jd_5718c00a68960,113,1,1.26,3104
sssixty1314,32,3,3.0300000000000002,3107
jd_7491fff4c9ec5,120,5,5.85,3107
wdCMTJJMRDOjdP,25,4,2.13,3108
2469615634_m,22,7,5.1,3108
子曰19930401,28,5,2.15,3113
13688145741_p,12,17,7.589999999999998,3114
wdQIpomfbmnDZV,30,5,1.9,3117
jd_7667d7d5931fe,67,3,2.3400000000000003,3124
13791085063_p,63,3,2.42,3125
jd_5d57eaf5b4b6d,3,3,1.35,3136
xiaojin12341234,13,4,1.2,3141
wdNLfBDBGOcyhyo,111,6,2.56,3145
jd_4e5ac81c39d95,20,8,2.5500000000000003,3149
zhanhaiyan168,37,7,2.2700000000000005,3152
wdFBvEEHQHQefz,13,2,1.15,3154
fslgp213,150,1,1.5,3166
1401231190-488285,59,3,1.26,3177
zhangyakui_m,20,10,7.209999999999999,3179
话打罐儿,50,3,1.28,3182
jd_767b6b2253149,45,9,2.83,3190
jd_4f464ff479937,26,3,1.31,3194
997143663-460756,5,6,1.17,3195
a18211760188,39,8,4.65,3199
jd_732d99085927d,60,1,1.05,3199
jd_7bb1268f6bbad,61,5,1.7800000000000002,3202
jd_68af8ddca2458,2,3,1.65,3203
4962916-816631,78,7,5.92,3209
jd_69a63dc882c88,12,6,2.68,3210
jd_795c403358a9e,8,2,3.3,3215
chi_貓_,21,3,11.05,3216
jd_74f8074e7629d,146,2,1.08,3217
hhjdyjq,23,4,4.1,3217
wduRXHbIQJyDJD,13,1,1.3,3220
wdNUoCorMUoHyJR,30,3,1.38,3223
168328361-538643,54,5,1.25,3229
jd_6a27377d8cc4d,13,6,1.98,3231
wdWxhvesNMoYaY,146,3,2.22,3232
jd_7a558f517e346,30,7,2.6900000000000004,3247
13790058963_p,34,8,2.41,3252
663惠来县吴建昆,30,6,1.25,3260
jd_6cd00b2025726,79,11,1.6600000000000001,3269
wdNXgbummwaaDDb,68,11,2.48,3270
风流才子0537,121,1,1.5,3272
1444847356-162105,30,5,2.16,3272
我儿峰峰,7,7,2.95,3274
jd_748404c084901,18,17,5.75,3276
jd_4f93ecc9fb709,8,9,2.9800000000000004,3278
王新平028,4,4,2.66,3283
jd_7777a845c62bc,133,2,2.2,3284
jd_4631cb504b6ca,7,6,1.7,3286
dingluxing,20,4,1.3,3296
854690241,29,11,4.85,3298
jd_4767afdccd956,80,4,2.36,3301
q17771552,124,1,1.7,3304
骇客使者,31,12,3.6600000000000006,3305
jd_6bcc256e2df31,55,2,1.08,3307
jd_5243bc1084ddf,82,3,1.05,3307
jd_4379abfdd272c,77,1,1.5,3309
398208272-622200,27,3,1.6300000000000001,3316
jd_461d5475f71d5,40,7,1.6,3317
jd_40374586627b3,79,2,1.03,3328
wdPUWajmyMtTGG,10,3,1.23,3336
jd_584783a44fb7e,13,3,1.38,3337
jd_6af043f9236a5,6,2,5.0,3342
jd_6703a86a91eab,44,6,1.95,3343
wdbBnzWmEUXbtU,52,2,1.4,3344
jd_5d9a50b3d9d7f,124,17,4.55,3345
jd_5a5fcb01f7faa,133,1,1.05,3345
jd_6de1dd864d10a,43,8,1.75,3348
wdwubwRuXLHUXp,6,6,2.8,3348
zouyan840826,22,10,5.389999999999999,3352
wdDucIuDEsWbcu,7,8,3.3,3359
xxdxjy,21,5,1.48,3360
jd_71e4122fcdc15,1,22,8.27,3361
mimiyy555,2,9,3.31,3365
20814718-350073,21,5,2.83,3373
jd_476df93011a8a,4,6,1.52,3374
jd_7e2e18c152bd8,36,8,4.07,3376
龍小姐,29,5,1.25,3376
jd_702e3b828efb5,112,4,1.0499999999999998,3379
wuyong888999,8,2,1.7999999999999998,3384
荆文卫,18,12,5.67,3386
18718566178_p,15,4,1.55,3388
jd_79fb5b856e703,23,3,1.43,3390
13061736926_p,23,3,1.9,3405
ronaldo_le,109,3,1.02,3421
jd_5d0434b0a32bb,83,7,2.84,3425
wdJTJCATSBBTqt,58,3,1.5,3427
jd_73212c8c5fcf3,7,7,2.8,3429
茜0826,11,3,1.74,3433
jidushan1005,68,7,1.9800000000000002,3434
jd_64fcd0f93d095,21,8,2.6500000000000004,3439
jd_62564a65744b2,36,5,1.6,3444
riverling1,40,10,2.6999999999999997,3447
wdNTiOujqmwRQvE,48,3,1.67,3448
wdEMSQqBYbDbAJ,38,3,1.4000000000000001,3458
jd_54160d54fefa2,63,2,1.1199999999999999,3458
230557739-763361,121,4,3.66,3459
jd_445bdd3ad297f,5,18,5.829999999999999,3462
jd_70c9c5e7cd3b4,9,2,1.3,3468
jd_7da5757e5d71f,24,6,1.6700000000000002,3472
丁这样真的好吗,16,2,1.1,3476
426193171-149070,12,3,1.53,3478
jd_7379aee98991a,67,2,1.6,3479
开心流浪的红舞鞋,7,7,2.0,3481
jd_53b8bb98a83c5,21,14,6.329999999999999,3487
230702697-35423670,20,2,1.21,3489
jd_78667b3fc350d,6,13,5.38,3497
jd_7d107b0cda624,75,1,3.0,3497
fm3522003,28,3,1.0499999999999998,3498
wdGdnlcJizKcTK,54,1,1.3,3499
jd_7ff416f39f982,2,2,5.12,3504
jd_72ba70faad2de,83,1,1.4,3514
wdIHxevgOselHV,11,3,1.1,3521
jd_7ae060b7e28dd,21,4,1.2,3521
emilytkq,75,3,1.18,3521
jd_42ff755025dec,32,3,2.49,3522
wdlgLrztctkJGq,47,4,1.6500000000000001,3522
啊啊啊啊20150121,83,4,1.9100000000000001,3525
jd_477d5fb03011b,73,7,1.8,3525
jd_69e9524cd40d5,6,4,1.13,3527
jd_7b0dfc93ed5e4,30,2,1.9,3530
jd_w2csj5cgtru75r,5,3,1.52,3532
玖阳开泰,40,3,1.48,3536
jd_4087d0d2d6be8,8,6,2.2800000000000002,3538
15828266897_p,46,2,1.2,3540
michael_mso,1,10,2.6999999999999997,3549
jd_nbabacec1c3b0,69,2,1.4,3566
jd_434aa2f176369,26,5,1.98,3566
15161691347_p,122,1,1.5,3570
wdQbfllPVxlAwN,2,3,1.7,3571
jd_5d0d4f031de7e,5,3,1.18,3572
jd_4a773d34794ce,75,6,2.35,3574
astroboy1987,14,4,1.25,3575
jd_743f15e768bad,8,2,1.75,3577
jd_40eccab8a02a2,29,2,1.1,3584
jd_abad18991dea7,126,1,1.3,3588
jd_618e59dbc25a3,37,5,1.4999999999999998,3592
花朵朵馆,13,5,3.5500000000000003,3595
jd_6ec0d98804230,59,1,1.5,3598
00天马00,7,6,2.73,3600
wdNxwsruFZvHNtO,10,6,1.9,3606
jd_664417f1a0048,4,6,1.6500000000000004,3611
jd_6cbc713f27232,20,4,1.4699999999999998,3620
wangqixing_meb,78,7,2.1000000000000005,3628
18818265621_p,84,3,1.23,3632
jd_6c96f27f664bb,21,6,2.0500000000000003,3633
zsong642,84,4,1.98,3637
jd_7e7deb0b84ae4,4,3,1.13,3641
jd_787a0ee2e9d37,6,12,3.8100000000000005,3642
jd_63af2c20f6a37,20,7,1.4,3644
徐颖萱,15,9,3.9299999999999997,3645
jd_72d7dd342e648,117,4,1.4000000000000001,3647
jd_60a559af6c66d,26,10,4.01,3656
jd_7cfcb4e0ff654,24,2,1.01,3658
wdKagQLxnskGAM,66,3,1.36,3660
maliyu1990,65,6,2.0500000000000003,3661
jd_78f065a84980b,25,9,3.7300000000000004,3661
fjlycpz_ctu88,19,3,1.71,3662
jd_546898f259a49,59,2,1.36,3669
jd_46e2318b3cd89,1,1,3.0,3670
jd_60a772d9a47fd,7,5,2.2600000000000002,3678
13432701839_p,87,3,1.6300000000000001,3680
wdBrBcMDJeISyX,85,2,1.98,3686
joandxu,42,4,4.0,3691
wdPvLvKTDPHMkK,4,7,2.15,3692
zl13992054003,4,4,1.2,3695
jd_50671aadf47cc,49,6,1.75,3697
wdYAPWgkTOGKsY,31,4,1.3499999999999999,3699
zhaoran872,28,3,2.1,3714
137628630,3,11,5.949999999999999,3717
jd_60ca0a4afa9ca,150,2,1.58,3719
jd_58759ea943d28,24,3,1.5,3723
68542296_m,29,3,1.5100000000000002,3724
wdlcoMBbKpCicF,32,2,1.03,3728
jd_76a9e9ad699b5,90,2,1.05,3733
anna66361,12,3,2.58,3737
wdAKarJnNEIeEt,6,7,2.08,3742
曹世彬12599,29,5,1.3199999999999998,3747
jd_48243a6ab689f,13,9,4.09,3754
怡承,17,3,1.28,3759
jd_4565e4991d88b,8,10,2.65,3760
cxrmxl,13,7,3.3300000000000005,3761
jd_625cdcad061fa,133,2,1.06,3762
jd_4f219360ab958,36,2,1.6,3765
u_7e5e6d1bba279,16,7,2.4000000000000004,3769
南宫紫80,50,4,1.25,3769
jd_4d7650e5bc209,121,2,1.17,3770
jd_43465f2886fdd,10,10,4.13,3771
星星草258,21,5,2.16,3773
wdBLemPuCBNeqV,54,3,2.7800000000000002,3774
jd_7487ec2e038bc,117,2,1.05,3776
jd_5d18e0bfd7603,21,3,1.1,3776
jd_5c1c5b7dac4ba,38,4,1.68,3784
jd_61f486534fd3a,1,5,1.6,3785
15974812600_pon,51,4,2.5,3786
jd_41ccc6c859dad,138,1,1.5,3791
linchuanjia198421,82,1,1.5,3791
jd_7e5a1358ebcb7,2,2,1.36,3791
Cattle丶牛牛,11,4,2.4800000000000004,3792
congtt150509,3,15,8.29,3794
CY-16888,146,1,1.58,3794
jd_6291107984791,6,13,6.739999999999999,3794
jd_51d97f1e94ed4,20,3,2.98,3801
pengxin1121,74,5,2.11,3802
wdRyApLRjtqgDF,38,1,1.3,3806
zhaqngqin,96,1,1.5,3807
zhanghongbbbb,23,6,1.5799999999999998,3807
美丽小QQ,23,6,1.6,3808
wdNQKrJWIxvPPLM,11,5,1.7000000000000002,3816
2699870-12165030,9,9,2.8,3819
jd_5562430046d5a,7,11,2.5,3831
jd_48612335483fa,13,6,1.7000000000000002,3835
jd_73fe1a92bf43d,29,3,1.87,3841
jd_627d75ba05a50,47,5,3.4000000000000004,3852
jd_71cd71d4dac63,20,2,1.47,3857
wdNozdGBtTMmfiX,49,5,1.25,3874
jd_6ac00554d495b,112,3,1.65,3874
13699988268_p,9,3,1.6500000000000001,3880
jd_45a188f5bf972,96,3,1.1300000000000001,3881
jd_4012a6e79dc22,141,1,7.0,3884
wdDFvdhpvVaOcy,36,4,1.6300000000000001,3885
jd_48e188e20dfc8,14,12,8.09,3889
wdXjDIewEcIEBw,97,5,1.3,3894
18873359376_p,90,6,1.8499999999999999,3894
jd_4a768fe10b862,16,4,1.48,3898
wdyKUuXOSPWrzF,15,4,2.4,3898
jd_4d831f791b550,2,3,1.38,3898
jd_48253f33ddb9c,115,1,1.5,3903
wdoDuLtqFdPWwt,67,3,1.13,3905
15774822888_p,6,7,2.0,3911
方2015029,94,3,1.4300000000000002,3921
whlee83,63,4,1.33,3924
玩的最高境界,15,4,2.1300000000000003,3931
jd_5bf8cc67fe6ae,21,6,1.65,3936
jd_405e0c96cd5f3,54,5,1.05,3941
jd_5594cbfea8f3e,84,4,1.81,3949
jd_6cab0ddb33292,133,3,2.5999999999999996,3949
jd_7764994122786,2,14,6.53,3953
jd_69bb8c2334d6f,16,5,4.68,3955
jd_4578031dee6d9,1,35,18.43,3958
jd_69cbef545acf6,111,1,9.0,3964
jd_4a3ba7d58e7eb,2,14,5.2700000000000005,3966
13928483828_p,10,4,2.6900000000000004,3967
jd_671aecb2f77ba,18,4,2.1,3970
jd_6f843ba92ce4d,73,3,2.15,3987
陇1222,89,4,1.33,3993
jd_49e25762d1000,74,5,2.23,3998
sophia_n,82,1,1.7,4001
jd_4eba363f3bf67,89,1,1.5,4003
jd_4a638b8697b00,1,5,1.45,4004
